66,0,0,0,138,467,9
69,0,0,0,138,463,8
70,0,0,0,138,462,8
92,1,0,0,138,694,3
75,0,0,0,138,457,5
77,0,0,0,138,454,8
88,0,0,0,138,690,11
83,0,0,0,138,685,5
84,0,0,0,138,686,7
86,0,0,0,138,688,9
87,0,0,0,138,689,8
90,0,0,0,138,692,8
62,1,0,0,138,471,4
94,0,0,0,138,697,4
63,1,0,0,138,470,7
96,0,0,0,138,699,5
97,0,0,0,138,700,6
99,0,0,0,138,702,1
102,0,0,0,138,705,2
834,0,0,0,139,467,9
835,0,0,0,139,463,8
336,0,0,1,228,533,2
319,0,0,0,228,515,1
329,1,0,0,228,526,6
321,0,0,0,228,517,11
320,0,0,0,228,516,8
331,1,0,0,228,528,5
323,0,0,0,228,519,3
65,0,0,0,138,468,11
64,0,0,0,138,469,1
55,0,0,0,138,478,2
56,0,0,0,138,477,3
71,0,0,1,138,461,4
59,0,0,0,138,474,5
95,0,0,1,138,698,6
60,1,0,0,138,473,6
122,1,0,0,156,401,2
326,0,0,0,228,523,4
328,0,0,0,228,525,2
129,0,0,0,156,483,11
127,0,0,0,156,400,1
118,1,0,0,156,391,6
108,1,0,0,156,381,3
128,0,0,0,156,482,5
114,1,0,0,156,387,2
117,0,0,0,156,390,5
107,0,0,0,156,404,2
139,1,0,0,156,663,7
138,0,0,1,156,662,6
116,0,0,0,156,389,5
115,0,0,0,156,388,2
482,0,0,1,282,607,4
113,0,0,0,156,386,4
112,0,0,0,156,385,6
111,0,0,0,156,384,8
110,0,0,0,156,383,9
135,0,0,0,156,658,2
137,0,0,0,156,660,3
119,0,0,1,156,392,3
109,1,0,0,156,382,7
140,0,0,0,156,664,11
142,0,0,0,156,666,5
144,0,0,0,156,668,9
145,0,0,0,156,669,8
146,0,0,0,156,670,3
148,0,0,0,156,673,1
152,0,0,0,156,677,5
322,0,0,1,228,518,2
330,0,0,0,228,527,7
390,1,0,0,246,775,2
340,0,0,0,228,538,5
339,0,0,0,228,536,9
337,0,0,0,228,534,8
334,0,0,0,228,531,4
836,0,0,0,139,462,8
837,0,0,0,139,461,4
480,0,0,0,282,631,4
481,0,0,0,282,606,11
486,1,0,0,282,612,3
485,0,0,0,282,611,4
413,0,0,1,246,414,5
487,0,0,0,282,614,1
488,0,0,0,282,613,2
491,0,0,0,282,617,6
415,1,0,0,246,412,4
372,1,0,0,246,791,5
389,0,0,0,246,774,6
376,0,0,1,246,785,4
393,0,0,0,246,778,6
394,0,0,0,246,779,5
395,0,0,0,246,790,2
396,0,0,0,246,780,1
373,0,0,1,246,781,7
374,0,0,0,246,782,9
375,0,0,0,246,784,3
377,0,0,0,246,786,5
378,0,0,0,246,787,9
380,0,0,0,246,789,6
382,0,0,0,246,766,7
383,0,0,0,246,767,6
412,0,0,0,246,415,9
265,0,0,0,210,441,5
157,0,0,0,156,656,5
156,0,0,0,156,681,2
155,0,0,0,156,680,7
154,0,0,0,156,679,8
153,0,0,0,156,678,8
266,0,0,0,210,442,6
267,0,0,0,210,443,1
268,0,0,0,210,444,11
269,0,0,0,210,445,9
270,0,0,0,210,447,3
969,0,0,0,211,441,5
272,0,0,0,210,449,7
971,0,0,0,211,443,1
972,0,0,0,211,444,11
973,0,0,0,211,445,9
974,0,0,0,211,447,3
975,0,0,0,211,449,7
976,0,0,0,211,450,9
977,0,0,0,211,453,3
978,0,0,0,211,451,2
979,0,0,0,211,425,2
980,0,0,0,211,448,4
159,0,0,0,174,379,2
189,1,0,0,174,638,7
161,0,0,0,174,357,1
196,0,0,1,174,646,3
169,1,0,0,174,366,5
164,0,0,0,174,360,8
166,0,0,0,174,362,8
167,0,0,0,174,363,8
168,0,0,0,174,364,8
209,1,0,0,192,486,2
170,0,0,0,174,367,2
173,0,0,0,174,370,3
174,0,0,0,174,371,4
175,0,0,0,174,372,5
179,0,0,0,174,376,11
181,0,0,0,174,378,6
182,0,0,0,174,365,9
273,0,0,0,210,450,9
276,0,0,0,210,453,3
274,0,0,0,210,451,2
199,0,0,0,174,649,4
160,1,0,0,174,356,3
194,0,0,0,174,644,1
193,0,0,0,174,643,6
190,0,0,0,174,639,9
163,1,0,0,174,359,7
188,0,0,0,174,637,5
187,0,0,0,174,636,4
186,0,0,0,174,635,3
981,0,0,0,211,438,8
982,0,0,0,211,430,8
983,0,0,0,211,832,5
984,0,0,0,211,827,9
985,0,0,0,211,826,2
986,0,0,0,211,825,4
987,0,0,0,211,822,3
207,0,0,0,192,514,2
208,0,0,0,192,485,1
256,0,0,0,192,813,4
210,0,0,0,192,487,4
211,0,0,0,192,488,6
260,1,0,0,192,818,2
216,0,0,0,192,494,8
217,0,0,0,192,495,4
222,0,0,0,192,500,7
234,0,0,0,192,513,8
232,0,0,0,192,511,8
231,0,0,0,192,510,7
230,0,0,0,192,509,6
228,0,0,0,192,507,4
227,0,0,0,192,506,11
226,0,0,0,192,504,2
224,0,0,0,192,502,9
183,0,0,0,174,632,2
264,0,0,0,210,425,2
201,0,0,0,174,651,5
203,0,0,0,174,653,7
205,0,0,0,174,655,6
162,1,0,0,174,373,6
259,1,0,0,192,817,6
258,0,0,0,192,815,7
261,0,0,0,192,812,1
262,0,0,0,192,801,5
263,0,0,0,192,816,11
237,0,0,0,192,792,9
238,0,0,0,192,793,7
239,0,0,0,192,794,6
241,0,0,0,192,796,3
247,0,0,0,192,803,7
248,0,0,0,192,804,9
251,0,0,0,192,807,2
253,0,0,0,192,809,6
254,0,0,0,192,810,4
255,0,0,0,192,811,3
257,0,0,1,192,814,9
212,0,0,1,192,489,7
221,1,0,0,192,499,6
271,0,0,1,210,448,4
289,0,0,0,210,438,8
282,0,0,0,210,430,8
348,1,0,0,228,737,6
307,0,0,0,210,832,5
353,0,0,1,228,743,6
302,0,0,0,210,827,9
301,0,0,0,210,826,2
300,0,0,0,210,825,4
297,0,0,0,210,822,3
296,0,0,0,210,821,5
295,0,0,0,210,820,11
294,0,0,0,210,819,1
293,0,0,0,210,844,2
838,0,0,0,139,457,5
839,0,0,0,139,454,8
840,0,0,0,139,690,11
841,0,0,0,139,685,5
842,0,0,0,139,686,7
308,0,0,0,210,833,2
309,0,0,0,210,834,5
310,0,0,0,210,835,8
311,0,0,0,210,836,8
313,0,0,0,210,838,9
316,0,0,0,210,841,5
317,0,0,0,210,842,6
506,0,0,0,282,623,5
505,0,0,0,282,608,11
504,0,0,0,282,605,1
503,0,0,0,282,630,2
502,0,0,0,282,629,3
400,0,0,1,246,407,6
343,0,0,0,228,751,1
344,0,0,0,228,752,11
346,0,0,0,228,754,3
351,0,0,0,228,741,2
354,0,0,0,228,744,7
356,0,0,0,228,746,9
357,0,0,0,228,747,4
358,0,0,0,228,748,8
370,0,0,0,228,740,8
369,0,0,0,228,764,8
367,0,0,0,228,762,5
366,0,0,0,228,761,3
361,0,0,0,228,755,4
360,0,0,0,228,750,6
359,0,0,0,228,749,5
499,0,0,0,282,626,6
497,0,0,0,282,624,5
493,0,0,0,282,619,9
410,0,0,0,246,417,6
409,0,0,0,246,419,5
408,0,0,0,246,420,6
407,0,0,0,246,421,7
405,0,0,0,246,423,3
401,0,0,0,246,408,2
399,0,0,0,246,406,11
494,0,0,0,282,620,7
406,1,0,0,246,422,4
988,0,0,0,211,821,5
989,0,0,0,211,820,11
990,0,0,0,211,819,1
991,0,0,0,211,844,2
992,0,0,0,211,833,2
993,0,0,0,211,834,5
994,0,0,0,211,835,8
995,0,0,0,211,836,8
996,0,0,0,211,838,9
997,0,0,0,211,841,5
998,0,0,0,211,842,6
999,0,0,0,211,428,6
1000,0,0,0,211,828,6
843,0,0,0,139,688,9
844,0,0,0,139,689,8
845,0,0,0,139,692,8
846,0,0,0,139,694,3
847,0,0,0,139,697,4
848,0,0,0,139,698,6
849,0,0,0,139,699,5
850,0,0,0,139,700,6
851,0,0,0,139,702,1
852,0,0,0,139,705,2
853,0,0,0,139,468,11
501,1,0,0,282,628,4
280,1,0,0,210,428,6
303,0,0,1,210,828,6
418,0,0,0,246,418,6
417,0,0,0,246,405,1
416,0,0,0,246,411,2
479,0,0,0,264,599,7
476,0,0,0,264,603,8
475,0,0,0,264,602,8
472,0,0,0,264,598,8
470,0,0,0,264,596,5
469,0,0,0,264,595,6
468,0,0,0,264,594,4
467,0,0,0,264,593,4
465,0,0,0,264,591,3
435,0,0,0,264,724,6
1017,1,0,0,211,743,6
430,0,0,0,264,719,5
429,0,0,0,264,718,9
426,0,0,0,264,715,6
425,0,0,0,264,713,4
422,0,0,0,264,710,3
421,0,0,0,264,709,11
420,0,0,0,264,708,1
419,0,0,0,264,707,2
447,0,0,0,264,729,7
445,0,0,0,264,735,6
444,0,0,0,264,734,5
441,0,0,0,264,731,2
440,0,0,0,264,730,6
436,0,0,0,264,725,3
854,0,0,0,139,469,1
855,0,0,0,139,478,2
856,0,0,0,139,477,3
857,0,0,0,139,476,2
858,0,0,0,139,474,5
859,0,0,0,139,473,6
860,0,0,0,139,471,4
464,0,0,0,264,590,5
461,0,0,0,264,587,4
459,0,0,0,264,585,3
457,0,0,0,264,582,2
455,0,0,0,264,580,3
453,0,0,0,264,578,4
450,0,0,0,264,575,11
448,0,0,0,264,573,2
449,0,0,0,264,574,1
861,0,0,0,139,470,7
862,0,0,0,139,483,11
432,0,0,1,264,721,7
863,0,0,0,139,400,1
864,0,0,0,139,392,3
865,0,0,0,139,401,2
866,0,0,0,139,482,5
517,1,0,0,282,571,7
458,1,0,0,264,583,6
535,0,0,0,282,552,7
533,0,0,0,282,554,5
532,0,0,0,282,555,9
531,0,0,0,282,556,7
437,0,0,0,264,726,4
528,0,0,0,282,559,3
527,0,0,0,282,560,2
525,0,0,0,282,562,4
524,0,0,0,282,563,11
522,0,0,0,282,565,6
519,0,0,0,282,569,9
439,0,0,1,264,728,5
516,0,0,0,282,572,9
513,0,0,0,282,545,7
511,0,0,0,282,543,4
510,0,0,0,282,542,3
508,0,0,0,282,540,2
507,0,0,0,282,539,1
1001,0,0,0,211,533,2
1002,0,0,0,211,515,1
1003,0,0,0,211,526,6
1004,0,0,0,211,517,11
1005,0,0,0,211,516,8
1006,0,0,0,211,528,5
1007,0,0,0,211,519,3
1008,0,0,0,211,523,4
1009,0,0,0,211,525,2
1010,0,0,0,211,518,2
1011,0,0,0,211,527,7
1012,0,0,0,211,538,5
1013,0,0,0,211,536,9
1014,0,0,0,211,534,8
1015,0,0,0,211,531,4
1016,0,0,0,211,737,6
1018,0,0,0,211,751,1
1019,0,0,0,211,752,11
1020,0,0,0,211,754,3
1021,0,0,0,211,741,2
1022,0,0,0,211,744,7
1023,0,0,0,211,746,9
1024,0,0,0,211,747,4
1025,0,0,0,211,748,8
1026,0,0,0,211,740,8
1027,0,0,0,211,764,8
1028,0,0,0,211,762,5
941,0,0,0,157,646,5
940,0,0,0,157,645,9
939,0,0,0,157,644,7
938,0,0,0,157,643,6
936,0,0,0,157,640,2
933,0,0,0,157,637,1
929,0,0,0,157,633,2
928,0,0,0,157,632,11
930,0,0,0,157,634,6
898,1,0,0,157,401,2
897,0,0,1,157,392,3
905,1,0,0,157,389,5
900,0,0,1,157,391,6
1029,0,0,0,211,761,3
1030,0,0,0,211,755,4
1031,0,0,0,211,750,6
1032,0,0,0,211,749,5
867,0,0,0,139,391,6
868,0,0,0,139,390,5
869,0,0,0,139,404,2
870,0,0,0,139,381,3
871,0,0,0,139,382,7
872,0,0,0,139,389,5
873,0,0,0,139,388,2
874,0,0,0,139,387,2
875,0,0,0,139,386,4
876,0,0,0,139,385,6
877,0,0,0,139,384,8
878,0,0,0,139,383,9
879,0,0,0,139,658,2
880,0,0,0,139,660,3
881,0,0,0,139,662,6
882,0,0,0,139,663,7
883,0,0,0,139,664,11
884,0,0,0,139,666,5
885,0,0,0,139,668,9
886,0,0,0,139,669,8
887,0,0,0,139,670,3
888,0,0,0,139,673,1
889,0,0,0,139,677,5
890,0,0,0,139,656,5
891,0,0,0,139,681,2
892,0,0,0,139,680,7
893,0,0,0,139,679,8
894,0,0,0,139,678,8
895,0,0,0,157,483,11
896,0,0,0,157,400,1
899,0,0,0,157,482,5
901,0,0,0,157,390,5
902,0,0,0,157,404,2
903,0,0,0,157,381,3
904,0,0,0,157,382,7
906,0,0,0,157,388,2
907,0,0,0,157,387,2
908,0,0,0,157,386,4
909,0,0,0,157,385,6
910,0,0,0,157,384,8
911,0,0,0,157,383,9
912,0,0,0,157,658,2
913,0,0,0,157,660,3
914,0,0,0,157,662,6
915,0,0,0,157,663,7
916,0,0,0,157,664,11
917,0,0,0,157,666,5
918,0,0,0,157,668,9
919,0,0,0,157,669,8
920,0,0,0,157,670,3
921,0,0,0,157,673,1
922,0,0,0,157,677,5
923,0,0,0,157,656,5
924,0,0,0,157,681,2
925,0,0,0,157,680,7
926,0,0,0,157,679,8
927,0,0,0,157,678,8
947,0,0,0,157,652,12
948,0,0,0,157,653,12
951,0,0,0,157,641,12
952,0,0,0,157,379,2
953,0,0,0,157,356,3
954,0,0,0,157,357,1
955,0,0,0,157,373,6
956,0,0,0,157,359,7
957,0,0,0,157,360,8
958,0,0,0,157,362,8
959,0,0,0,157,363,8
960,0,0,0,157,364,8
961,0,0,0,157,366,5
962,0,0,0,157,367,2
963,0,0,0,157,370,3
964,0,0,0,157,371,4
965,0,0,0,157,372,5
966,0,0,0,157,376,11
967,0,0,0,157,378,6
968,0,0,0,157,365,9
57,1,0,0,138,476,2
529,1,0,0,282,558,6
942,0,0,0,157,647,4
949,0,0,0,157,654,4
950,0,0,0,157,655,2
946,0,0,0,157,651,7
970,0,0,1,211,442,6
