3,9,3,21,0,0,0,0
4,9,4,21,0,0,0,0
5,9,5,21,0,0,0,0
7,9,7,21,0,0,0,0
9,9,9,21,0,0,0,0
10,9,10,21,0,0,0,0
12,9,12,21,0,0,0,0
14,9,14,21,0,0,0,0
15,9,15,21,0,0,0,0
17,9,17,21,0,0,0,0
18,9,18,21,0,0,0,0
20,9,20,21,0,0,0,0
22,9,24,12,0,0,0,0
23,9,25,12,0,0,0,0
25,9,27,12,0,0,0,0
27,9,29,12,0,0,0,0
28,9,30,12,0,0,0,0
30,9,32,12,0,0,0,0
32,9,34,12,0,0,0,0
33,9,35,12,0,0,0,0
35,9,37,12,0,0,0,0
37,9,39,12,0,0,0,0
38,9,40,12,0,0,0,0
40,9,42,12,0,0,0,0
41,9,43,12,0,0,0,0
43,9,45,12,0,0,0,0
45,9,47,12,0,0,0,0
46,9,48,12,0,0,0,0
48,9,52,11,0,0,0,0
50,9,54,11,0,0,0,0
51,9,55,11,0,0,0,0
53,9,57,11,0,0,0,0
55,9,59,11,0,0,0,0
56,9,60,11,0,0,0,0
58,9,62,11,0,0,0,0
60,9,64,11,0,0,0,0
61,9,65,11,0,0,0,0
63,9,67,11,0,0,0,0
64,9,68,11,0,0,0,0
66,9,70,11,0,0,0,0
68,9,72,11,0,0,0,0
69,9,73,11,0,0,0,0
71,9,75,11,0,0,0,0
73,9,79,14,0,0,0,0
74,9,80,14,0,0,0,0
78,9,84,14,0,0,0,0
80,9,86,14,0,0,0,0
81,9,87,14,0,0,0,0
83,9,89,14,0,0,0,0
85,9,91,14,0,0,0,0
86,9,92,14,0,0,0,0
88,9,94,14,0,0,0,0
89,9,95,14,0,0,0,0
91,9,97,14,0,0,0,0
93,9,99,14,0,0,0,0
94,9,100,14,0,0,0,0
96,9,102,14,0,0,0,0
98,9,106,13,0,0,0,0
99,9,107,13,0,0,0,0
101,9,109,13,0,0,0,0
103,9,111,13,0,0,0,0
104,9,112,13,0,0,0,0
106,9,114,13,0,0,0,0
108,9,116,13,0,0,0,0
109,9,117,13,0,0,0,0
111,9,119,13,0,0,0,0
112,9,120,13,0,0,0,0
114,9,122,13,0,0,0,0
116,9,124,13,0,0,0,0
117,9,125,13,0,0,0,0
119,9,127,13,0,0,0,0
121,9,129,13,0,0,0,0
122,9,132,4,0,0,0,0
124,9,134,4,0,0,0,0
126,9,136,4,0,0,0,0
127,9,137,4,0,0,0,0
129,9,139,4,0,0,0,0
131,9,141,4,0,0,0,0
132,9,142,4,0,0,0,0
134,9,144,4,0,0,0,0
135,9,145,4,0,0,0,0
2,20,2,21,0,0,0,0
138,9,148,4,0,0,0,0
140,9,150,4,0,0,0,0
141,9,151,4,0,0,0,0
144,9,154,4,0,0,0,0
146,9,166,6,0,0,0,0
147,9,167,6,0,0,0,0
149,9,169,6,0,0,0,0
150,9,170,6,0,0,0,0
152,9,172,6,0,0,0,0
154,9,174,6,0,0,0,0
155,9,175,6,0,0,0,0
157,9,157,6,0,0,0,0
159,9,159,6,0,0,0,0
160,9,160,6,0,0,0,0
162,9,162,6,0,0,0,0
164,9,164,6,0,0,0,0
165,9,177,6,0,0,0,0
167,9,179,6,0,0,0,0
169,9,181,6,0,0,0,0
170,9,183,1,0,0,0,0
172,9,185,1,0,0,0,0
173,9,186,1,0,0,0,0
175,9,188,1,0,0,0,0
177,9,190,1,0,0,0,0
178,9,191,1,0,0,0,0
180,9,193,1,0,0,0,0
182,9,195,1,0,0,0,0
183,9,196,1,0,0,0,0
185,9,198,1,0,0,0,0
187,9,200,1,0,0,0,0
188,9,201,1,0,0,0,0
190,9,203,1,0,0,0,0
192,9,205,1,0,0,0,0
193,9,206,1,0,0,0,0
195,9,208,1,0,0,0,0
196,9,209,1,0,0,0,0
198,9,211,1,0,0,0,0
200,9,213,1,0,0,0,0
201,9,214,1,0,0,0,0
203,9,216,1,0,0,0,0
205,9,218,8,0,0,0,0
206,9,219,8,0,0,0,0
208,9,221,8,0,0,0,0
210,9,223,8,0,0,0,0
211,9,224,8,0,0,0,0
213,9,226,8,0,0,0,0
215,9,228,8,0,0,0,0
216,9,229,8,0,0,0,0
218,9,231,8,0,0,0,0
219,9,232,8,0,0,0,0
221,9,234,8,0,0,0,0
223,9,236,8,0,0,0,0
224,9,237,8,0,0,0,0
226,9,239,8,0,0,0,0
228,9,241,8,0,0,0,0
229,9,242,8,0,0,0,0
231,9,244,8,0,0,0,0
233,9,246,8,0,0,0,0
234,9,247,8,0,0,0,0
236,9,249,3,0,0,0,0
238,9,251,3,0,0,0,0
239,9,252,3,0,0,0,0
241,9,254,3,0,0,0,0
242,9,255,3,0,0,0,0
244,9,257,3,0,0,0,0
246,9,259,3,0,0,0,0
247,9,260,3,0,0,0,0
249,9,262,3,0,0,0,0
251,9,264,3,0,0,0,0
252,9,265,3,0,0,0,0
254,9,267,3,0,0,0,0
256,9,269,3,0,0,0,0
257,9,270,3,0,0,0,0
259,9,272,3,0,0,0,0
261,9,274,3,0,0,0,0
262,9,275,3,0,0,0,0
264,9,277,9,0,0,0,0
265,9,278,9,0,0,0,0
267,9,280,9,0,0,0,0
269,9,282,9,0,0,0,0
270,9,283,9,0,0,0,0
272,9,285,9,0,0,0,0
401,18,154,46,2,4,0,0
392,28,144,46,0,4,0,2
389,39,141,46,1,4,0,0
391,25,143,46,1,4,0,1
400,3,152,46,0,4,0,0
404,80,153,46,0,4,0,0
381,45,133,46,1,4,0,0
388,18,140,46,0,4,0,0
386,13,138,46,0,4,0,0
384,56,136,46,0,4,0,0
383,55,135,46,0,4,0,0
357,1,79,47,0,3,0,0
373,26,97,47,1,3,0,0
360,6,84,47,0,3,0,0
363,10,87,47,0,3,0,0
366,13,90,47,1,3,0,0
367,14,91,47,0,3,0,0
370,18,94,47,0,3,0,0
372,2,96,47,0,3,0,0
378,49,102,47,0,3,0,0
394,69,146,46,0,0,0,0
397,11,149,46,0,0,0,0
399,5,151,46,0,0,0,0
361,7,85,47,0,0,0,0
369,16,93,47,0,0,0,0
358,20,80,47,0,0,0,0
375,35,99,47,0,0,0,0
377,88,101,47,0,0,0,0
407,3,5,61,0,1,0,1
408,4,6,61,0,1,0,0
410,7,8,61,0,0,0,0
273,9,286,9,0,0,0,0
275,9,288,9,0,0,0,0
277,9,290,9,0,0,0,0
278,9,291,9,0,0,0,0
280,9,293,9,0,0,0,0
282,9,295,9,0,0,0,0
283,9,296,9,0,0,0,0
285,9,298,9,0,0,0,0
287,9,300,9,0,0,0,0
288,9,301,9,0,0,0,0
290,9,303,9,0,0,0,0
292,9,305,9,0,0,0,0
293,9,306,17,0,0,0,0
295,9,308,17,0,0,0,0
296,9,309,17,0,0,0,0
298,9,311,17,0,0,0,0
300,9,313,17,0,0,0,0
301,9,314,17,0,0,0,0
303,9,316,17,0,0,0,0
305,9,318,17,0,0,0,0
306,9,319,17,0,0,0,0
308,9,321,17,0,0,0,0
310,9,323,17,0,0,0,0
311,9,324,17,0,0,0,0
313,9,326,17,0,0,0,0
315,9,328,17,0,0,0,0
316,9,329,17,0,0,0,0
318,9,331,17,0,0,0,0
319,9,332,17,0,0,0,0
321,9,334,2,0,0,0,0
323,9,336,2,0,0,0,0
324,9,337,2,0,0,0,0
326,9,339,2,0,0,0,0
328,9,341,2,0,0,0,0
329,9,342,2,0,0,0,0
331,9,344,2,0,0,0,0
333,9,346,2,0,0,0,0
334,9,347,2,0,0,0,0
336,9,349,2,0,0,0,0
338,9,351,2,0,0,0,0
339,9,352,2,0,0,0,0
341,9,354,2,0,0,0,0
342,9,355,2,0,0,0,0
344,9,357,2,0,0,0,0
346,9,359,2,0,0,0,0
347,9,360,2,0,0,0,0
349,9,362,2,0,0,0,0
352,12,154,4,0,0,0,0
353,80,153,4,0,0,0,0
402,34,142,46,0,0,0,0
444,2,296,50,0,2,0,0
445,87,297,50,0,2,0,0
449,11,301,50,0,2,0,0
451,13,303,50,0,2,0,0
425,17,277,50,0,2,0,0
448,10,300,50,0,2,0,1
430,75,282,50,0,2,0,0
428,83,280,50,1,2,0,0
533,36,70,51,0,2,0,1
515,1,52,51,0,2,0,0
526,17,63,51,1,2,0,0
517,2,54,51,0,2,0,0
518,2,55,51,0,2,0,1
527,71,64,51,0,2,0,0
538,79,75,51,0,2,0,0
442,6,294,50,0,2,0,1
481,12,276,43,0,0,0,0
479,69,274,43,0,0,0,0
477,36,272,43,0,2,0,0
476,45,271,43,1,2,0,0
474,63,269,43,0,2,0,0
473,89,268,43,1,2,0,0
471,39,266,43,1,2,0,0
469,1,264,43,0,2,0,0
468,0,263,43,0,2,0,0
466,33,261,43,0,0,0,0
464,67,259,43,0,0,0,0
462,18,257,43,0,2,0,0
461,28,256,43,0,2,0,1
459,449,254,43,0,0,0,0
457,66,252,43,0,2,0,0
456,13,251,43,0,0,0,0
486,2,334,49,1,1,0,0
487,3,335,49,0,1,0,0
489,5,337,49,0,1,0,1
491,10,339,49,0,0,0,0
493,12,341,49,0,0,0,0
495,20,343,49,0,1,0,0
496,21,344,49,0,0,0,0
498,31,346,49,0,0,0,0
499,30,347,49,1,1,0,0
501,38,349,49,0,0,0,0
502,48,350,49,0,1,0,0
504,88,352,49,0,1,0,0
507,43,355,49,0,1,0,0
508,44,356,49,0,0,0,0
510,46,358,49,0,1,0,0
511,47,359,49,0,1,0,0
513,49,361,49,0,1,0,0
452,14,304,50,0,0,0,0
440,16,292,50,0,0,0,0
427,82,279,50,0,0,0,0
431,76,283,50,0,0,0,0
434,26,286,50,0,0,0,0
435,28,287,50,0,0,0,0
437,35,289,50,0,0,0,0
439,47,291,50,0,0,0,0
520,11,57,51,0,0,0,0
521,14,58,51,0,0,0,0
524,51,61,51,0,0,0,0
529,18,66,51,0,0,0,0
530,19,67,51,0,0,0,0
532,35,69,51,0,0,0,0
535,58,72,51,0,0,0,0
539,1,183,58,0,1,0,0
541,3,185,58,0,0,0,0
542,4,186,58,0,1,0,0
544,6,188,58,0,0,0,0
545,7,189,58,0,1,0,0
423,10,21,61,0,1,0,0
421,16,19,61,0,1,0,0
420,20,18,61,0,1,0,0
417,23,15,61,0,1,0,0
416,30,14,61,0,0,0,0
414,32,12,61,0,1,0,1
413,33,11,61,0,0,0,0
411,42,9,61,0,1,0,0
484,70,132,46,0,0,0,0
514,9,362,49,0,1,0,0
645,41,119,65,0,2,0,0
643,26,117,65,0,3,0,0
640,10,114,65,0,2,0,0
637,7,111,65,0,3,0,0
633,99,107,65,0,2,0,0
634,43,108,65,0,2,0,0
658,38,26,66,0,4,0,0
660,81,28,66,0,4,0,0
662,18,30,66,0,4,0,1
664,0,32,66,0,4,0,0
669,29,37,66,0,4,0,0
670,58,38,66,0,4,0,0
673,1,41,66,0,4,0,0
677,25,45,66,0,4,0,0
681,50,49,66,0,4,0,0
679,38,47,66,0,4,0,0
652,63,126,65,0,2,0,0
654,37,128,65,0,2,0,0
651,36,125,65,0,3,0,0
609,5,310,57,0,0,0,0
611,7,312,57,0,1,0,0
612,8,313,57,1,1,0,0
613,11,314,57,0,1,0,0
615,13,316,57,0,0,0,0
617,15,318,57,0,1,0,0
619,20,320,57,0,1,0,0
620,31,321,57,0,1,0,0
622,34,323,57,0,0,0,0
624,36,325,57,0,1,0,0
626,39,327,57,0,1,0,0
627,41,328,57,0,0,0,0
629,43,330,57,0,1,0,0
547,17,191,58,0,0,0,0
572,21,216,58,0,1,0,0
570,26,214,58,0,0,0,0
569,26,213,58,0,1,0,0
567,34,211,58,0,0,0,0
565,99,209,58,0,1,0,0
563,19,207,58,0,1,0,0
561,58,205,58,0,0,0,0
560,59,204,58,0,1,0,0
558,67,202,58,1,1,0,0
557,68,201,58,0,0,0,0
555,70,199,58,0,1,0,0
554,71,198,58,0,1,0,0
552,28,196,58,0,1,0,0
549,68,193,58,0,0,0,0
548,10,192,58,0,0,0,0
574,1,218,59,0,1,0,0
575,2,219,59,0,1,0,0
577,4,221,59,0,0,0,0
578,5,222,59,0,1,0,0
580,7,224,59,0,1,0,0
582,10,226,59,0,1,0,0
583,11,227,59,1,1,0,0
586,17,230,59,0,0,0,0
587,18,231,59,0,1,0,0
589,20,233,59,0,0,0,0
590,21,234,59,0,1,0,0
592,23,236,59,0,0,0,0
594,25,238,59,0,1,0,0
595,26,239,59,0,1,0,0
597,28,241,59,0,0,0,0
598,29,242,59,0,1,0,0
601,32,245,59,0,0,0,0
602,33,246,59,0,1,0,0
604,66,248,59,0,0,0,0
636,92,110,65,0,2,0,0
639,18,113,65,0,2,0,0
648,24,122,65,0,1,0,0
649,42,123,65,0,2,0,0
657,3,25,66,0,0,0,0
665,74,33,66,0,0,0,0
667,79,35,66,0,0,0,0
674,34,42,66,0,0,0,0
676,99,44,66,0,0,0,0
682,64,165,67,0,0,0,0
661,9,29,66,0,0,0,0
606,2,307,57,0,1,0,0
737,18,422,62,1,2,0,0
751,1,436,62,0,2,0,0
754,4,439,62,0,2,0,0
741,20,426,62,0,2,0,0
744,25,429,62,0,2,0,0
746,29,431,62,0,2,0,0
747,30,432,62,0,2,0,0
762,49,447,62,0,2,0,0
755,39,440,62,0,2,0,0
749,78,434,62,0,2,0,0
784,5,469,53,0,1,0,0
785,6,470,53,0,1,0,1
787,8,472,53,0,1,0,0
788,10,473,53,0,0,0,0
765,12,450,53,0,0,0,0
766,15,451,53,0,1,0,0
768,17,453,53,0,0,0,0
770,24,455,53,0,0,0,0
771,31,456,53,0,0,0,0
774,37,459,53,0,1,0,0
775,31,460,53,1,1,0,0
777,33,462,53,0,0,0,0
778,34,463,53,0,1,0,0
790,98,475,53,0,1,0,0
708,1,393,56,0,1,0,0
709,2,394,56,0,1,0,0
711,4,396,56,0,0,0,0
712,5,397,56,0,0,0,0
715,7,400,56,0,1,0,0
716,10,401,56,0,0,0,0
718,12,403,56,0,1,0,0
720,28,405,56,0,0,0,0
721,29,406,56,0,1,0,1
723,37,408,56,0,0,0,0
724,32,409,56,0,1,0,0
726,65,411,56,0,1,0,0
727,46,412,56,0,0,0,0
730,98,415,56,0,1,0,0
732,16,417,56,0,0,0,0
733,77,418,56,0,0,0,0
735,25,420,56,0,1,0,0
753,3,438,62,0,0,0,0
739,17,424,62,0,0,0,0
756,197,441,62,0,0,0,0
758,89,443,62,0,0,0,0
760,83,445,62,0,0,0,0
763,55,448,62,0,0,0,0
792,5,477,64,0,1,0,0
794,29,479,64,0,1,0,0
795,94,480,64,0,0,0,0
797,46,482,64,0,0,0,0
798,50,483,64,0,0,0,0
800,98,485,64,0,0,0,0
802,42,487,64,0,0,0,0
804,54,489,64,0,1,0,0
806,57,491,64,0,0,0,0
807,93,492,64,0,1,0,0
809,13,494,64,0,1,0,0
810,25,495,64,0,1,0,0
683,67,166,67,0,0,0,0
813,74,498,64,0,1,0,0
815,94,500,64,0,1,0,0
818,79,503,64,1,1,0,0
812,1,497,64,0,1,0,0
685,5,168,67,0,2,0,0
686,35,169,67,0,2,0,0
688,3,171,67,0,2,0,0
689,12,172,67,0,2,0,0
691,43,174,67,0,0,0,0
693,7,176,67,0,0,0,0
694,57,157,67,1,2,0,0
697,45,160,67,0,2,0,0
698,68,161,67,0,2,0,1
700,78,163,67,0,2,0,0
701,62,164,67,0,0,0,0
703,8,178,67,0,0,0,0
705,47,180,67,0,2,0,0
706,92,181,67,0,0,0,0
781,2,466,53,0,1,0,1
365,11,89,47,0,3,0,0
832,79,517,63,0,2,0,0
827,40,512,63,0,2,0,0
826,8,511,63,0,2,0,0
825,7,510,63,0,2,0,0
822,4,507,63,0,2,0,0
821,3,506,63,0,2,0,0
820,2,505,63,0,2,0,0
819,1,504,63,0,2,0,0
844,30,529,63,0,2,0,0
783,4,468,53,0,0,0,0
833,20,518,63,0,2,0,0
834,21,519,63,0,2,0,0
823,5,508,63,0,0,0,0
824,6,509,63,0,0,0,0
835,23,520,63,0,2,0,0
836,25,521,63,0,2,0,0
838,38,523,63,0,2,0,0
740,15,425,62,0,2,0,0
829,45,514,63,0,0,0,0
830,16,515,63,0,0,0,0
831,18,516,63,0,0,0,0
841,76,526,63,0,2,0,0
837,28,522,63,0,0,0,0
839,70,524,63,0,0,0,0
840,75,525,63,0,0,0,0
843,45,528,63,0,0,0,0
801,86,486,64,0,1,0,0
816,59,501,64,0,1,0,0
6,9,6,21,0,0,0,0
8,9,8,21,0,0,0,0
11,9,11,21,0,0,0,0
13,9,13,21,0,0,0,0
16,9,16,21,0,0,0,0
19,9,19,21,0,0,0,0
21,9,21,21,0,0,0,0
24,9,26,12,0,0,0,0
26,9,28,12,0,0,0,0
29,9,31,12,0,0,0,0
31,9,33,12,0,0,0,0
34,9,36,12,0,0,0,0
36,9,38,12,0,0,0,0
39,9,41,12,0,0,0,0
42,9,44,12,0,0,0,0
44,9,46,12,0,0,0,0
47,9,49,12,0,0,0,0
49,9,53,11,0,0,0,0
52,9,56,11,0,0,0,0
54,9,58,11,0,0,0,0
57,9,61,11,0,0,0,0
59,9,63,11,0,0,0,0
62,9,66,11,0,0,0,0
65,9,69,11,0,0,0,0
67,9,71,11,0,0,0,0
70,9,74,11,0,0,0,0
454,20,249,43,0,2,0,0
480,77,275,43,0,0,0,0
465,56,260,43,0,0,0,0
380,44,132,46,0,0,0,0
395,48,147,46,0,0,0,0
490,6,338,49,0,0,0,0
505,41,353,49,0,0,0,0
446,65,298,50,0,0,0,0
432,77,284,50,0,0,0,0
522,12,59,51,0,0,0,0
537,78,74,51,0,0,0,0
780,1,465,53,0,1,0,0
773,29,458,53,0,0,0,0
714,8,399,56,0,0,0,0
729,97,414,56,0,1,0,0
605,1,306,57,0,1,0,0
608,4,309,57,0,1,0,0
623,35,324,57,0,1,0,0
566,36,210,58,0,0,0,0
551,29,195,58,0,0,0,0
584,12,228,59,0,0,0,0
599,30,243,59,0,1,0,0
405,1,3,61,0,1,0,0
418,22,16,61,0,1,0,0
759,29,444,62,0,0,0,0
672,16,40,66,0,0,0,0
695,91,158,67,0,0,0,0
72,9,78,14,0,0,0,0
75,9,81,14,0,0,0,0
79,9,85,14,0,0,0,0
82,9,88,14,0,0,0,0
84,9,90,14,0,0,0,0
87,9,93,14,0,0,0,0
90,9,96,14,0,0,0,0
92,9,98,14,0,0,0,0
95,9,101,14,0,0,0,0
97,9,103,14,0,0,0,0
100,9,108,13,0,0,0,0
102,9,110,13,0,0,0,0
105,9,113,13,0,0,0,0
107,9,115,13,0,0,0,0
110,9,118,13,0,0,0,0
113,9,121,13,0,0,0,0
115,9,123,13,0,0,0,0
118,9,126,13,0,0,0,0
120,9,128,13,0,0,0,0
123,9,133,4,0,0,0,0
125,9,135,4,0,0,0,0
128,9,138,4,0,0,0,0
130,9,140,4,0,0,0,0
133,9,143,4,0,0,0,0
136,9,146,4,0,0,0,0
137,9,147,4,0,0,0,0
139,9,149,4,0,0,0,0
142,9,152,4,0,0,0,0
145,9,165,6,0,0,0,0
148,9,168,6,0,0,0,0
151,9,171,6,0,0,0,0
153,9,173,6,0,0,0,0
156,9,176,6,0,0,0,0
158,9,158,6,0,0,0,0
161,9,161,6,0,0,0,0
163,9,163,6,0,0,0,0
166,9,178,6,0,0,0,0
168,9,180,6,0,0,0,0
171,9,184,1,0,0,0,0
174,9,187,1,0,0,0,0
176,9,189,1,0,0,0,0
179,9,192,1,0,0,0,0
181,9,194,1,0,0,0,0
184,9,197,1,0,0,0,0
186,9,199,1,0,0,0,0
189,9,202,1,0,0,0,0
191,9,204,1,0,0,0,0
194,9,207,1,0,0,0,0
197,9,210,1,0,0,0,0
199,9,212,1,0,0,0,0
202,9,215,1,0,0,0,0
204,9,217,8,0,0,0,0
207,9,220,8,0,0,0,0
209,9,222,8,0,0,0,0
212,9,225,8,0,0,0,0
214,9,227,8,0,0,0,0
217,9,230,8,0,0,0,0
220,9,233,8,0,0,0,0
222,9,235,8,0,0,0,0
225,9,238,8,0,0,0,0
227,9,240,8,0,0,0,0
230,9,243,8,0,0,0,0
232,9,245,8,0,0,0,0
235,9,248,8,0,0,0,0
237,9,250,3,0,0,0,0
240,9,253,3,0,0,0,0
243,9,256,3,0,0,0,0
245,9,258,3,0,0,0,0
248,9,261,3,0,0,0,0
250,9,263,3,0,0,0,0
253,9,266,3,0,0,0,0
255,9,268,3,0,0,0,0
258,9,271,3,0,0,0,0
260,9,273,3,0,0,0,0
263,9,276,3,0,0,0,0
266,9,279,9,0,0,0,0
268,9,281,9,0,0,0,0
271,9,284,9,0,0,0,0
274,9,287,9,0,0,0,0
276,9,289,9,0,0,0,0
279,9,292,9,0,0,0,0
281,9,294,9,0,0,0,0
284,9,297,9,0,0,0,0
286,9,299,9,0,0,0,0
289,9,302,9,0,0,0,0
291,9,304,9,0,0,0,0
294,9,307,17,0,0,0,0
297,9,310,17,0,0,0,0
299,9,312,17,0,0,0,0
302,9,315,17,0,0,0,0
304,9,317,17,0,0,0,0
307,9,320,17,0,0,0,0
309,9,322,17,0,0,0,0
312,9,325,17,0,0,0,0
314,9,327,17,0,0,0,0
317,9,330,17,0,0,0,0
320,9,333,2,0,0,0,0
322,9,335,2,0,0,0,0
325,9,338,2,0,0,0,0
327,9,340,2,0,0,0,0
330,9,343,2,0,0,0,0
332,9,345,2,0,0,0,0
335,9,348,2,0,0,0,0
337,9,350,2,0,0,0,0
340,9,353,2,0,0,0,0
343,9,356,2,0,0,0,0
345,9,358,2,0,0,0,0
348,9,361,2,0,0,0,0
351,34,142,4,0,0,0,0
403,12,154,46,0,0,0,0
393,67,145,46,0,0,0,0
396,17,148,46,0,0,0,0
398,4,150,46,0,0,0,0
368,15,92,47,0,0,0,0
374,34,98,47,0,0,0,0
406,2,4,61,0,1,0,0
409,5,7,61,0,0,0,0
424,20,2,61,0,0,0,0
455,88,250,43,0,0,0,0
478,79,273,43,0,2,0,0
475,19,270,43,0,0,0,0
472,99,267,43,0,0,0,0
470,46,265,43,1,2,0,0
467,31,262,43,0,2,0,0
463,15,258,43,0,2,0,0
460,27,255,43,0,0,0,0
458,81,253,43,0,0,0,0
485,1,333,49,0,1,0,0
488,4,336,49,0,1,0,0
492,11,340,49,0,0,0,0
494,13,342,49,0,1,0,0
497,22,345,49,0,0,0,0
500,37,348,49,0,1,0,0
503,87,351,49,0,0,0,0
506,42,354,49,0,1,0,0
509,45,357,49,0,1,0,0
512,48,360,49,0,0,0,0
426,81,278,50,0,0,0,0
429,84,281,50,0,0,0,0
433,25,285,50,0,0,0,0
436,29,288,50,0,0,0,0
540,5,184,58,0,1,0,0
543,5,187,58,0,1,0,0
546,12,190,58,0,0,0,0
422,11,20,61,1,1,0,0
419,21,17,61,0,1,0,0
415,31,13,61,0,1,0,0
412,37,10,61,1,1,0,0
631,9,332,57,0,1,0,0
607,3,308,57,0,1,0,1
390,29,142,46,0,4,0,0
382,54,134,46,1,4,0,0
387,16,139,46,1,4,0,0
385,52,137,46,0,4,0,0
379,9,103,47,0,3,0,0
356,4,78,47,1,3,0,0
359,5,81,47,1,3,0,0
362,8,86,47,0,3,0,0
364,12,88,47,0,3,0,0
371,19,95,47,0,3,0,0
376,76,100,47,0,3,0,0
441,19,293,50,0,2,0,0
443,1,295,50,0,2,0,0
447,46,299,50,0,2,0,0
450,12,302,50,0,2,0,0
453,15,305,50,0,2,0,0
438,36,290,50,0,2,0,0
516,11,53,51,0,2,0,0
519,13,56,51,0,2,0,0
523,15,60,51,0,2,0,0
525,16,62,51,0,2,0,0
536,59,73,51,0,2,0,0
534,39,71,51,0,2,0,0
531,20,68,51,0,2,0,0
610,6,311,57,0,0,0,0
614,10,315,57,0,1,0,0
616,14,317,57,0,0,0,0
618,21,319,57,0,0,0,0
621,32,322,57,0,0,0,0
625,38,326,57,0,0,0,0
628,42,329,57,1,1,0,0
630,47,331,57,0,1,0,0
571,25,215,58,1,1,0,0
568,14,212,58,0,0,0,0
564,98,208,58,0,0,0,0
562,16,206,58,0,1,0,0
559,51,203,58,0,1,0,0
556,69,200,58,0,1,0,0
553,72,197,58,0,0,0,0
550,34,194,58,0,0,0,0
573,8,217,59,0,1,0,0
576,3,220,59,0,0,0,0
579,6,223,59,0,0,0,0
581,5,225,59,0,0,0,0
585,13,229,59,0,1,0,0
588,18,232,59,0,0,0,0
591,22,235,59,0,1,0,0
593,24,237,59,0,1,0,0
596,27,240,59,0,1,0,0
600,31,244,59,0,0,0,0
603,69,247,59,0,1,0,0
635,39,109,65,0,2,0,0
638,32,112,65,1,2,0,0
642,58,116,65,0,1,0,0
650,71,124,65,0,1,0,0
659,18,27,66,0,0,0,0
671,54,39,66,0,0,0,0
675,94,43,66,0,0,0,0
791,9,476,53,1,1,0,0
782,3,467,53,0,1,0,0
786,7,471,53,0,1,0,0
789,41,474,53,0,1,0,0
767,11,452,53,0,1,0,0
769,25,454,53,0,0,0,0
772,21,457,53,0,0,0,0
776,32,461,53,0,0,0,0
779,93,464,53,0,1,0,0
707,8,392,56,0,1,0,0
710,3,395,56,0,1,0,0
713,6,398,56,0,1,0,0
717,11,402,56,0,0,0,0
719,13,404,56,0,1,0,0
722,31,407,56,0,0,0,0
725,33,410,56,0,1,0,0
728,98,413,56,0,1,0,1
731,91,416,56,0,1,0,0
734,78,419,56,0,1,0,0
736,19,421,62,0,0,0,0
738,11,423,62,0,0,0,0
742,21,427,62,0,0,0,0
745,27,430,62,0,0,0,0
757,47,442,62,0,0,0,0
793,7,478,64,0,1,0,0
796,24,481,64,0,1,0,0
799,99,484,64,0,0,0,0
803,12,488,64,0,1,0,0
805,71,490,64,0,0,0,0
808,87,493,64,0,0,0,0
811,40,496,64,0,1,0,0
814,13,499,64,0,1,0,1
817,8,502,64,1,1,0,0
684,24,167,67,0,0,0,0
687,16,170,67,0,0,0,0
690,3,173,67,0,2,0,0
692,99,175,67,0,2,0,0
696,57,159,67,0,0,0,0
699,77,162,67,0,2,0,0
632,20,106,65,0,3,0,0
663,37,31,66,1,4,0,0
666,38,34,66,0,4,0,0
668,85,36,66,0,4,0,0
680,19,48,66,0,4,0,0
678,37,46,66,0,4,0,0
653,22,127,65,0,3,0,0
647,93,121,65,0,2,0,0
655,94,129,65,0,3,0,0
752,2,437,62,0,2,0,0
748,64,433,62,0,2,0,0
764,56,449,62,0,2,0,0
761,76,446,62,0,2,0,0
750,89,435,62,0,2,0,0
702,54,177,67,0,2,0,0
704,87,179,67,0,0,0,0
646,64,120,65,0,3,0,1
644,74,118,65,0,3,0,0
483,2,154,46,0,4,0,0
482,34,132,46,0,4,0,0
656,39,24,66,0,4,0,0
641,64,115,65,0,2,0,0
842,86,527,63,0,2,0,0
828,41,513,63,0,2,0,1
743,23,428,62,1,2,0,1
528,72,65,51,1,2,0,0
