17,0,0,17,12,14,0,0,0,0,0,0,
50,3,0,9,48,3,1,2,0,1,1,1,DAY_2
66,0,0,12,48,0,4,2,0,1,0,-2,DAY_1
21,0,0,27,12,0,0,0,0,0,0,0,
43,3,0,3,48,1,2,2,1,0,0,0,DAY_1
67,0,0,6,48,1,2,2,1,0,0,0,DAY_1
62,0,3,40,48,3,3,2,0,1,1,-1,DAY_2
63,0,0,15,48,0,2,0,0,1,0,-2,DAY_1
56,0,0,16,48,0,2,0,0,1,0,-2,DAY_1
59,0,3,8,48,3,0,2,0,0,1,2,DAY_1
4,0,0,4,12,45,0,0,0,0,0,0,
61,0,1,27,48,1,2,2,1,0,0,0,DAY_1
51,3,0,11,48,3,1,3,0,0,1,2,DAY_1
47,3,0,14,48,3,2,3,0,0,1,1,DAY_1
46,6,0,4,48,6,2,7,0,0,2,5,DAY_2
65,0,0,13,48,0,6,2,0,2,0,-4,DAY_2
1,0,0,1,12,15,0,0,0,0,0,0,
2,0,0,2,12,25,0,0,0,0,0,0,
3,0,0,3,12,27,0,0,0,0,0,0,
5,0,0,5,12,21,0,0,0,0,0,0,
6,0,0,6,12,30,0,0,0,0,0,0,
7,0,0,7,12,21,0,0,0,0,0,0,
8,0,0,8,12,11,0,0,0,0,0,0,
9,0,0,9,12,25,0,0,0,0,0,0,
10,0,0,10,12,31,0,0,0,0,0,0,
11,0,0,11,12,24,0,0,0,0,0,0,
12,0,0,12,12,24,0,0,0,0,0,0,
13,0,0,13,12,36,0,0,0,0,0,0,
14,0,0,14,12,39,0,0,0,0,0,0,
15,0,0,15,12,11,0,0,0,0,0,0,
16,0,0,16,12,21,0,0,0,0,0,0,
53,1,0,5,48,1,2,2,1,0,0,0,DAY_1
49,1,0,2,48,1,2,2,1,0,0,0,DAY_1
64,0,1,7,48,1,2,2,1,0,0,0,DAY_1
57,1,0,17,48,1,2,2,1,0,0,0,DAY_1
58,0,1,1,48,1,2,2,1,0,0,0,DAY_1
94,0,0,16,55,0,0,0,0,0,0,0,""
100,0,0,13,55,0,0,0,0,0,0,0,""
107,0,0,5,55,0,0,0,0,0,0,0,""
95,0,0,3,55,0,0,0,0,0,0,0,""
101,0,0,11,55,0,0,0,0,0,0,0,""
106,0,0,27,55,0,0,0,0,0,0,0,""
110,0,0,17,55,0,0,0,0,0,0,0,""
96,0,0,40,55,0,0,0,0,0,0,0,""
102,0,0,8,55,0,0,0,0,0,0,0,""
97,0,0,4,55,0,0,0,0,0,0,0,""
105,0,0,14,55,0,0,0,0,0,0,0,""
98,0,0,15,55,0,0,0,0,0,0,0,""
103,0,0,9,55,0,0,0,0,0,0,0,""
108,0,0,1,55,0,0,0,0,0,0,0,""
112,0,0,35,55,0,0,0,0,0,0,0,""
99,0,0,12,55,0,0,0,0,0,0,0,""
104,0,0,6,55,0,0,0,0,0,0,0,""
113,0,0,50,55,0,0,0,0,0,0,0,""
